
== open
stage | n | mean(step) se | mean(v - d1) se | |step| | dlog(step) se | borne(step) se | bias(v)
0 d2r4b3k8 | 1922 | -0.0190 (0.0015) | -0.0190 (0.0015) | 0.0300 | -0.0004 (0.0045) | 0.46 (0.09) | -0.0153
1 d2r8b3k8 | 1922 | +0.0073 (0.0011) | -0.0117 (0.0015) | 0.0147 | -0.0051 (0.0034) | 0.83 (0.12) | -0.0080
2 d2r12b3k8 | 1922 | +0.0051 (0.0008) | -0.0066 (0.0015) | 0.0089 | -0.0004 (0.0019) | 0.49 (0.17) | -0.0029
3 d2r12b3k16 | 1883 | +0.0020 (0.0005) | -0.0043 (0.0015) | 0.0047 | +0.0003 (0.0014) | 0.56 (0.26) | -0.0020
4 d2r16b3k16 | 1488 | +0.0006 (0.0003) | -0.0026 (0.0016) | 0.0013 | +0.0010 (0.0005) | -0.50 (0.57) | +0.0036
5 d2r16bak24x | 903 | +0.0017 (0.0009) | -0.0001 (0.0017) | 0.0058 | +0.0013 (0.0020) | 0.44 (0.18) | -0.0094
6 d2r24bak24x | 849 | -0.0000 (0.0000) | +0.0001 (0.0018) | 0.0000 | -0.0000 (0.0000) | 8.53 (37.05) | -0.0069

== hidden
stage | n | mean(step) se | mean(v - d1) se | |step| | dlog(step) se | borne(step) se | bias(v)
0 d2r4b3k8 | 1967 | -0.0294 (0.0012) | -0.0294 (0.0012) | 0.0393 | +0.0031 (0.0041) | 0.64 (0.16) | -0.0400
1 d2r8b3k8 | 1722 | +0.0136 (0.0010) | -0.0147 (0.0013) | 0.0225 | +0.0011 (0.0026) | 0.02 (0.23) | -0.0294
2 d2r12b3k8 | 715 | +0.0056 (0.0010) | -0.0021 (0.0020) | 0.0106 | +0.0001 (0.0022) | 0.30 (0.51) | -0.0083
3 d2r12b3k16 | 120 | +0.0018 (0.0009) | -0.0015 (0.0023) | 0.0022 | +0.0000 (0.0011) | -0.01 (1.83) | -0.0012
4 d2r16b3k16 | 77 | -0.0000 (0.0000) | +0.0002 (0.0005) | 0.0000 | -0.0000 (0.0000) | 1014.17 (333.45) | +0.0120
5 d2r16bak24x | 45 | +0.0000 (0.0001) | -0.0000 (0.0001) | 0.0001 | +0.0001 (0.0001) | -1.31 (0.26) | +0.0001
6 d2r24bak24x | 35 | -0.0000 (0.0000) | -0.0002 (0.0001) | 0.0000 | -0.0000 (0.0000) | -2496.65 (29191.42) | +0.0001

== hidden-seen
stage | n | mean(step) se | mean(v - d1) se | |step| | dlog(step) se | borne(step) se | bias(v)
0 d2r4b3k8 | 1967 | -0.0325 (0.0013) | -0.0325 (0.0013) | 0.0417 | +0.0059 (0.0043) | 0.45 (0.16) | -0.0361
1 d2r8b3k8 | 1967 | +0.0154 (0.0010) | -0.0171 (0.0012) | 0.0261 | +0.0005 (0.0032) | 0.12 (0.20) | -0.0207
2 d2r12b3k8 | 1967 | +0.0099 (0.0007) | -0.0072 (0.0012) | 0.0166 | -0.0031 (0.0017) | 0.88 (0.27) | -0.0108
3 d2r12b3k16 | 1783 | +0.0039 (0.0006) | -0.0030 (0.0013) | 0.0110 | -0.0007 (0.0012) | 0.84 (0.39) | -0.0036
4 d2r16b3k16 | 724 | +0.0015 (0.0005) | +0.0013 (0.0021) | 0.0035 | +0.0018 (0.0018) | -0.85 (1.00) | -0.0121
5 d2r16bak24x | 134 | +0.0017 (0.0011) | +0.0004 (0.0027) | 0.0034 | -0.0024 (0.0047) | 5.72 (1.48) | +0.0006
6 d2r24bak24x | 89 | -0.0006 (0.0004) | -0.0021 (0.0015) | 0.0006 | -0.0006 (0.0005) | 4.73 (1.53) | +0.0098
