turn  left  view         n         d0      d1      d2  d1-d0 (se)  d2-d1 (se)
1     8     open            0
1     8     hidden        524  0.6166  0.6056  0.6127  -0.0110 (0.0061)  +0.0071 (0.0052)
1     8     hidden-seen   524  0.6171  0.6046  0.6083  -0.0125 (0.0063)  +0.0037 (0.0046)
1     6-7   open            0
1     6-7   hidden          0
1     6-7   hidden-seen     0
1     <=5   open            0
1     <=5   hidden          0
1     <=5   hidden-seen     0
2-3   8     open           22  0.6160  0.6686  0.7289  +0.0526 (0.0364)  +0.0604 (0.0316)
2-3   8     hidden        423  0.5912  0.5745  0.5730  -0.0167 (0.0096)  -0.0014 (0.0069)
2-3   8     hidden-seen   423  0.5816  0.5611  0.5615  -0.0205 (0.0096)  +0.0004 (0.0070)
2-3   6-7   open           81  0.3756  0.3709  0.4044  -0.0047 (0.0160)  +0.0335 (0.0176)
2-3   6-7   hidden        412  0.4431  0.4307  0.4355  -0.0124 (0.0076)  +0.0048 (0.0061)
2-3   6-7   hidden-seen   412  0.4381  0.4151  0.4200  -0.0230 (0.0079)  +0.0049 (0.0062)
2-3   <=5   open           38  0.4584  0.4044  0.3784  -0.0540 (0.0378)  -0.0260 (0.0277)
2-3   <=5   hidden         19  0.5788  0.4648  0.4895  -0.1141 (0.0576)  +0.0248 (0.0265)
2-3   <=5   hidden-seen    19  0.5901  0.4704  0.4439  -0.1197 (0.0566)  -0.0265 (0.0376)
4-5   8     open           17  0.5380  0.5052  0.4938  -0.0328 (0.0436)  -0.0115 (0.0339)
4-5   8     hidden         50  0.4972  0.4883  0.4536  -0.0089 (0.0256)  -0.0348 (0.0179)
4-5   8     hidden-seen    50  0.4889  0.4778  0.4479  -0.0111 (0.0247)  -0.0299 (0.0206)
4-5   6-7   open          226  0.3732  0.3569  0.3762  -0.0163 (0.0141)  +0.0194 (0.0124)
4-5   6-7   hidden        284  0.4090  0.3950  0.4011  -0.0140 (0.0145)  +0.0061 (0.0103)
4-5   6-7   hidden-seen   284  0.4093  0.3956  0.3986  -0.0137 (0.0147)  +0.0030 (0.0112)
4-5   <=5   open          315  0.2684  0.2319  0.2309  -0.0365 (0.0170)  -0.0010 (0.0080)
4-5   <=5   hidden         88  0.1733  0.1398  0.1522  -0.0336 (0.0165)  +0.0124 (0.0122)
4-5   <=5   hidden-seen    88  0.1647  0.1269  0.1402  -0.0377 (0.0167)  +0.0133 (0.0126)
6+    8     open            7
6+    8     hidden          5
6+    8     hidden-seen     5
6+    6-7   open          164  0.3534  0.3465  0.3258  -0.0070 (0.0181)  -0.0206 (0.0161)
6+    6-7   hidden         69  0.3789  0.3179  0.2937  -0.0610 (0.0343)  -0.0242 (0.0211)
6+    6-7   hidden-seen    69  0.3825  0.3236  0.3047  -0.0589 (0.0343)  -0.0189 (0.0191)
6+    <=5   open         1052  0.1672  0.1248  0.1137  -0.0423 (0.0073)  -0.0111 (0.0049)
6+    <=5   hidden         93  0.1021  0.0768  0.1088  -0.0253 (0.0131)  +0.0319 (0.0266)
6+    <=5   hidden-seen    93  0.1024  0.0786  0.1128  -0.0238 (0.0136)  +0.0342 (0.0281)
