
against F2
  arm            s   n     loss      se    curse  outside
  w12            4  21   0.0520  0.0157  +0.0792    0.000
  w12           16  21   0.0428  0.0139  +0.0768    0.000
  w12           45  21   0.0465  0.0149  +0.0804    0.000
  w12          128  21   0.0470  0.0149  +0.0896    0.000
  w24            4  21   0.0311  0.0082  +0.0387    0.000
  w24           16  21   0.0303  0.0092  +0.0453    0.000
  w24           45  21   0.0304  0.0094  +0.0473    0.000
  w24          128  21   0.0286  0.0093  +0.0450    0.000
  w36            4  21   0.0406  0.0174  +0.0385    0.000
  w36           16  21   0.0352  0.0172  +0.0422    0.000
  w36           45  21   0.0364  0.0173  +0.0486    0.000
  w36          128  21   0.0333  0.0161  +0.0502    0.000
  w48            4  21   0.0467  0.0208  +0.0364    0.000
  w48           16  21   0.0344  0.0165  +0.0374    0.000
  w48           45  21   0.0376  0.0168  +0.0452    0.000
  w48          128  21   0.0309  0.0159  +0.0435    0.000
  w64            4  21   0.0272  0.0095  +0.0109    0.000
  w64           16  21   0.0151  0.0036  +0.0118    0.000
  w64           45  21   0.0152  0.0041  +0.0178    0.000
  w64          128  21   0.0106  0.0026  +0.0193    0.000
  wall           4  21   0.0259  0.0069  +0.0138    0.000
  wall          16  21   0.0152  0.0036  +0.0125    0.000
  wall          45  21   0.0150  0.0041  +0.0172    0.000
  wall         128  21   0.0111  0.0030  +0.0193    0.000
  allfit         4  21   0.0260  0.0068  +0.0147    0.000
  allfit        16  21   0.0152  0.0036  +0.0125    0.000
  allfit        45  21   0.0150  0.0041  +0.0172    0.000
  allfit       128  21   0.0111  0.0030  +0.0193    0.000
  rule           4  21   0.0272  0.0095  +0.0109    0.000
  rule          16  21   0.0151  0.0036  +0.0118    0.000
  rule          45  21   0.0152  0.0041  +0.0178    0.000
  rule         128  21   0.0106  0.0026  +0.0193    0.000
  staged         4  21   0.0267  0.0070  +0.0145    0.000
  staged        16  21   0.0152  0.0036  +0.0126    0.000
  staged        45  21   0.0150  0.0041  +0.0172    0.000
  staged       128  21   0.0111  0.0030  +0.0193    0.000
  paired (label - rule), positions in both
  w12            4  21  +0.0248  0.0114 better 2 worse 14
  w12           16  21  +0.0276  0.0130 better 5 worse 14
  w12           45  21  +0.0313  0.0131 better 5 worse 15
  w12          128  21  +0.0363  0.0132 better 2 worse 18
  w24            4  21  +0.0039  0.0083 better 3 worse 12
  w24           16  21  +0.0152  0.0079 better 5 worse 11
  w24           45  21  +0.0152  0.0082 better 6 worse 11
  w24          128  21  +0.0180  0.0083 better 5 worse 14
  w36            4  21  +0.0134  0.0182 better 2 worse 8
  w36           16  21  +0.0201  0.0175 better 4 worse 8
  w36           45  21  +0.0212  0.0181 better 3 worse 7
  w36          128  21  +0.0227  0.0165 better 2 worse 9
  w48            4  21  +0.0195  0.0189 better 2 worse 4
  w48           16  21  +0.0193  0.0169 better 1 worse 5
  w48           45  21  +0.0224  0.0172 better 0 worse 6
  w48          128  21  +0.0203  0.0161 better 2 worse 7
  w64            4  21  +0.0000  0.0000 better 0 worse 0
  w64           16  21  +0.0000  0.0000 better 0 worse 0
  w64           45  21  +0.0000  0.0000 better 0 worse 0
  w64          128  21  +0.0000  0.0000 better 0 worse 0
  wall           4  21  -0.0013  0.0040 better 3 worse 3
  wall          16  21  +0.0000  0.0004 better 4 worse 2
  wall          45  21  -0.0002  0.0005 better 2 worse 3
  wall         128  21  +0.0005  0.0006 better 2 worse 3
  allfit         4  21  -0.0012  0.0040 better 2 worse 3
  allfit        16  21  +0.0000  0.0004 better 4 worse 2
  allfit        45  21  -0.0002  0.0005 better 2 worse 3
  allfit       128  21  +0.0005  0.0006 better 2 worse 3
  staged         4  21  -0.0005  0.0041 better 2 worse 5
  staged        16  21  +0.0001  0.0004 better 4 worse 2
  staged        45  21  -0.0002  0.0005 better 2 worse 3
  staged       128  21  +0.0005  0.0006 better 2 worse 3

against F1
  arm            s   n     loss      se    curse  outside
  w12            4  21   0.0443  0.0097  +0.0722    0.000
  w12           16  21   0.0478  0.0096  +0.0826    0.000
  w12           45  21   0.0530  0.0145  +0.0876    0.000
  w12          128  21   0.0502  0.0145  +0.0936    0.000
  w24            4  21   0.0212  0.0040  +0.0296    0.000
  w24           16  21   0.0258  0.0042  +0.0415    0.000
  w24           45  21   0.0317  0.0055  +0.0493    0.000
  w24          128  21   0.0340  0.0058  +0.0511    0.000
  w36            4  21   0.0368  0.0149  +0.0354    0.000
  w36           16  21   0.0394  0.0148  +0.0472    0.000
  w36           45  21   0.0444  0.0151  +0.0574    0.000
  w36          128  21   0.0431  0.0138  +0.0608    0.000
  w48            4  21   0.0447  0.0171  +0.0351    0.000
  w48           16  21   0.0402  0.0140  +0.0440    0.000
  w48           45  21   0.0437  0.0144  +0.0521    0.000
  w48          128  21   0.0426  0.0134  +0.0560    0.000
  w64            4  21   0.0274  0.0077  +0.0119    0.000
  w64           16  21   0.0277  0.0062  +0.0252    0.000
  w64           45  21   0.0288  0.0073  +0.0322    0.000
  w64          128  21   0.0275  0.0061  +0.0369    0.000
  wall           4  21   0.0235  0.0063  +0.0123    0.000
  wall          16  21   0.0282  0.0064  +0.0264    0.000
  wall          45  21   0.0296  0.0077  +0.0326    0.000
  wall         128  21   0.0275  0.0062  +0.0365    0.000
  allfit         4  21   0.0235  0.0063  +0.0131    0.000
  allfit        16  21   0.0282  0.0064  +0.0264    0.000
  allfit        45  21   0.0296  0.0077  +0.0326    0.000
  allfit       128  21   0.0275  0.0062  +0.0365    0.000
  rule           4  21   0.0274  0.0077  +0.0119    0.000
  rule          16  21   0.0277  0.0062  +0.0252    0.000
  rule          45  21   0.0288  0.0073  +0.0322    0.000
  rule         128  21   0.0275  0.0061  +0.0369    0.000
  staged         4  21   0.0245  0.0066  +0.0132    0.000
  staged        16  21   0.0282  0.0064  +0.0265    0.000
  staged        45  21   0.0296  0.0077  +0.0326    0.000
  staged       128  21   0.0275  0.0062  +0.0365    0.000
  paired (label - rule), positions in both
  w12            4  21  +0.0169  0.0074 better 5 worse 11
  w12           16  21  +0.0200  0.0093 better 7 worse 12
  w12           45  21  +0.0241  0.0144 better 6 worse 14
  w12          128  21  +0.0227  0.0139 better 9 worse 11
  w24            4  21  -0.0062  0.0071 better 4 worse 9
  w24           16  21  -0.0020  0.0059 better 6 worse 10
  w24           45  21  +0.0028  0.0067 better 3 worse 14
  w24          128  21  +0.0065  0.0057 better 5 worse 15
  w36            4  21  +0.0093  0.0153 better 4 worse 5
  w36           16  21  +0.0117  0.0140 better 4 worse 7
  w36           45  21  +0.0156  0.0141 better 4 worse 7
  w36          128  21  +0.0156  0.0126 better 4 worse 8
  w48            4  21  +0.0173  0.0158 better 1 worse 4
  w48           16  21  +0.0125  0.0133 better 1 worse 5
  w48           45  21  +0.0149  0.0136 better 2 worse 4
  w48          128  21  +0.0151  0.0123 better 2 worse 6
  w64            4  21  +0.0000  0.0000 better 0 worse 0
  w64           16  21  +0.0000  0.0000 better 0 worse 0
  w64           45  21  +0.0000  0.0000 better 0 worse 0
  w64          128  21  +0.0000  0.0000 better 0 worse 0
  wall           4  21  -0.0039  0.0037 better 3 worse 2
  wall          16  21  +0.0005  0.0007 better 2 worse 4
  wall          45  21  +0.0008  0.0009 better 1 worse 3
  wall         128  21  -0.0000  0.0003 better 2 worse 2
  allfit         4  21  -0.0039  0.0037 better 3 worse 2
  allfit        16  21  +0.0005  0.0007 better 2 worse 4
  allfit        45  21  +0.0008  0.0009 better 1 worse 3
  allfit       128  21  -0.0000  0.0003 better 2 worse 2
  staged         4  21  -0.0029  0.0038 better 2 worse 5
  staged        16  21  +0.0005  0.0007 better 2 worse 4
  staged        45  21  +0.0008  0.0009 better 1 worse 3
  staged       128  21  -0.0000  0.0003 better 2 worse 2

against r24
  arm            s   n     loss      se    curse  outside
  w12            4  21   0.0505  0.0160  +0.0705    0.000
  w12           16  21   0.0417  0.0142  +0.0685    0.000
  w12           45  21   0.0447  0.0153  +0.0714    0.000
  w12          128  21   0.0460  0.0150  +0.0815    0.000
  w24            4  21   0.0288  0.0081  +0.0292    0.000
  w24           16  21   0.0267  0.0092  +0.0345    0.000
  w24           45  21   0.0262  0.0093  +0.0360    0.000
  w24          128  21   0.0249  0.0092  +0.0341    0.000
  w36            4  21   0.0173  0.0057  +0.0080    0.000
  w36           16  21   0.0129  0.0035  +0.0128    0.000
  w36           45  21   0.0106  0.0032  +0.0157    0.000
  w36          128  21   0.0087  0.0025  +0.0184    0.000
  w48            4  21   0.0243  0.0081  +0.0068    0.005
  w48           16  21   0.0160  0.0039  +0.0118    0.035
  w48           45  21   0.0178  0.0045  +0.0181    0.029
  w48          128  21   0.0151  0.0045  +0.0205    0.011
  w64            4  21   0.0256  0.0080  +0.0021    0.005
  w64           16  21   0.0176  0.0038  +0.0072    0.037
  w64           45  21   0.0198  0.0043  +0.0152    0.030
  w64          128  21   0.0155  0.0034  +0.0170    0.012
  wall           4  21   0.0222  0.0054  +0.0029    0.017
  wall          16  21   0.0196  0.0042  +0.0097    0.043
  wall          45  21   0.0203  0.0044  +0.0154    0.038
  wall         128  21   0.0169  0.0037  +0.0180    0.016
  allfit         4  21   0.0223  0.0054  +0.0039    0.017
  allfit        16  21   0.0196  0.0042  +0.0097    0.043
  allfit        45  21   0.0203  0.0044  +0.0154    0.038
  allfit       128  21   0.0169  0.0037  +0.0180    0.016
  rule           4  21   0.0256  0.0080  +0.0021    0.005
  rule          16  21   0.0176  0.0038  +0.0072    0.037
  rule          45  21   0.0198  0.0043  +0.0152    0.030
  rule         128  21   0.0155  0.0034  +0.0170    0.012
  staged         4  21   0.0244  0.0060  +0.0050    0.029
  staged        16  21   0.0195  0.0042  +0.0098    0.043
  staged        45  21   0.0203  0.0044  +0.0154    0.038
  staged       128  21   0.0169  0.0037  +0.0180    0.016
  paired (label - rule), positions in both
  w12            4  21  +0.0249  0.0120 better 6 worse 10
  w12           16  21  +0.0240  0.0123 better 8 worse 11
  w12           45  21  +0.0250  0.0127 better 8 worse 12
  w12          128  21  +0.0304  0.0126 better 4 worse 15
  w24            4  21  +0.0031  0.0070 better 6 worse 8
  w24           16  21  +0.0091  0.0076 better 9 worse 7
  w24           45  21  +0.0065  0.0078 better 9 worse 8
  w24          128  21  +0.0094  0.0080 better 8 worse 11
  w36            4  21  -0.0083  0.0068 better 5 worse 5
  w36           16  21  -0.0047  0.0026 better 10 worse 2
  w36           45  21  -0.0091  0.0038 better 11 worse 0
  w36          128  21  -0.0069  0.0033 better 9 worse 2
  w48            4  21  -0.0013  0.0010 better 5 worse 1
  w48           16  21  -0.0016  0.0008 better 6 worse 0
  w48           45  21  -0.0020  0.0010 better 6 worse 0
  w48          128  21  -0.0004  0.0017 better 6 worse 3
  w64            4  21  +0.0000  0.0000 better 0 worse 0
  w64           16  21  +0.0000  0.0000 better 0 worse 0
  w64           45  21  +0.0000  0.0000 better 0 worse 0
  w64          128  21  +0.0000  0.0000 better 0 worse 0
  wall           4  21  -0.0034  0.0059 better 2 worse 4
  wall          16  21  +0.0019  0.0010 better 0 worse 5
  wall          45  21  +0.0006  0.0005 better 2 worse 2
  wall         128  21  +0.0014  0.0009 better 1 worse 4
  allfit         4  21  -0.0034  0.0059 better 1 worse 4
  allfit        16  21  +0.0019  0.0010 better 0 worse 5
  allfit        45  21  +0.0006  0.0005 better 2 worse 2
  allfit       128  21  +0.0014  0.0009 better 1 worse 4
  staged         4  21  -0.0013  0.0064 better 1 worse 6
  staged        16  21  +0.0019  0.0010 better 1 worse 5
  staged        45  21  +0.0006  0.0005 better 2 worse 2
  staged       128  21  +0.0014  0.0009 better 1 worse 4
