
against F2
  arm            s   n     loss      se    curse  outside
  w12            4  40   0.0553  0.0107  +0.0797    0.000
  w12           16  40   0.0450  0.0096  +0.0734    0.000
  w12           45  40   0.0464  0.0096  +0.0759    0.000
  w12          128  40   0.0470  0.0097  +0.0744    0.000
  w24            4  40   0.0323  0.0056  +0.0309    0.000
  w24           16  40   0.0310  0.0059  +0.0407    0.000
  w24           45  40   0.0280  0.0057  +0.0416    0.000
  w24          128  40   0.0259  0.0056  +0.0417    0.000
  w36            4  40   0.0377  0.0098  +0.0274    0.000
  w36           16  40   0.0272  0.0094  +0.0315    0.000
  w36           45  40   0.0256  0.0093  +0.0343    0.000
  w36          128  40   0.0262  0.0088  +0.0373    0.000
  w48            4  40   0.0379  0.0115  +0.0171    0.000
  w48           16  40   0.0266  0.0092  +0.0283    0.000
  w48           45  40   0.0248  0.0091  +0.0303    0.000
  w48          128  40   0.0236  0.0085  +0.0319    0.000
  w64            4  40   0.0300  0.0068  +0.0050    0.000
  w64           16  40   0.0165  0.0035  +0.0148    0.000
  w64           45  40   0.0121  0.0025  +0.0154    0.000
  w64          128  40   0.0123  0.0020  +0.0188    0.000
  wall           4  40   0.0293  0.0059  +0.0065    0.000
  wall          16  40   0.0165  0.0035  +0.0152    0.000
  wall          45  40   0.0120  0.0025  +0.0151    0.000
  wall         128  40   0.0126  0.0022  +0.0188    0.000
  allfit         4  40   0.0293  0.0059  +0.0070    0.000
  allfit        16  40   0.0165  0.0035  +0.0152    0.000
  allfit        45  40   0.0120  0.0025  +0.0151    0.000
  allfit       128  40   0.0126  0.0022  +0.0188    0.000
  rule           4  40   0.0300  0.0068  +0.0050    0.000
  rule          16  40   0.0165  0.0035  +0.0148    0.000
  rule          45  40   0.0121  0.0025  +0.0154    0.000
  rule         128  40   0.0123  0.0020  +0.0188    0.000
  staged         4  40   0.0297  0.0059  +0.0056    0.000
  staged        16  40   0.0165  0.0035  +0.0152    0.000
  staged        45  40   0.0120  0.0025  +0.0151    0.000
  staged       128  40   0.0126  0.0022  +0.0188    0.000
  paired (label - rule), positions in both
  w12            4  40  +0.0254  0.0080 better 5 worse 29
  w12           16  40  +0.0285  0.0091 better 8 worse 28
  w12           45  40  +0.0343  0.0089 better 6 worse 31
  w12          128  40  +0.0347  0.0087 better 4 worse 33
  w24            4  40  +0.0023  0.0051 better 8 worse 21
  w24           16  40  +0.0145  0.0049 better 9 worse 22
  w24           45  40  +0.0159  0.0052 better 7 worse 25
  w24          128  40  +0.0136  0.0051 better 8 worse 24
  w36            4  40  +0.0078  0.0101 better 4 worse 12
  w36           16  40  +0.0107  0.0092 better 7 worse 12
  w36           45  40  +0.0135  0.0095 better 3 worse 12
  w36          128  40  +0.0139  0.0089 better 3 worse 14
  w48            4  40  +0.0079  0.0103 better 4 worse 4
  w48           16  40  +0.0101  0.0089 better 2 worse 7
  w48           45  40  +0.0126  0.0091 better 0 worse 9
  w48          128  40  +0.0112  0.0085 better 2 worse 9
  w64            4  40  +0.0000  0.0000 better 0 worse 0
  w64           16  40  +0.0000  0.0000 better 0 worse 0
  w64           45  40  +0.0000  0.0000 better 0 worse 0
  w64          128  40  +0.0000  0.0000 better 0 worse 0
  wall           4  40  -0.0007  0.0021 better 3 worse 3
  wall          16  40  +0.0000  0.0002 better 4 worse 2
  wall          45  40  -0.0001  0.0003 better 2 worse 3
  wall         128  40  +0.0003  0.0003 better 2 worse 3
  allfit         4  40  -0.0006  0.0021 better 2 worse 3
  allfit        16  40  +0.0000  0.0002 better 4 worse 2
  allfit        45  40  -0.0001  0.0003 better 2 worse 3
  allfit       128  40  +0.0003  0.0003 better 2 worse 3
  staged         4  40  -0.0002  0.0022 better 3 worse 6
  staged        16  40  +0.0000  0.0002 better 4 worse 2
  staged        45  40  -0.0001  0.0003 better 2 worse 3
  staged       128  40  +0.0003  0.0003 better 2 worse 3

against F1
  arm            s   n     loss      se    curse  outside
  w12            4  40   0.0435  0.0077  +0.0718    0.000
  w12           16  40   0.0448  0.0077  +0.0772    0.000
  w12           45  40   0.0460  0.0092  +0.0795    0.000
  w12          128  40   0.0439  0.0086  +0.0753    0.000
  w24            4  40   0.0247  0.0034  +0.0274    0.000
  w24           16  40   0.0293  0.0041  +0.0431    0.000
  w24           45  40   0.0324  0.0046  +0.0500    0.000
  w24          128  40   0.0298  0.0038  +0.0496    0.000
  w36            4  40   0.0327  0.0081  +0.0264    0.000
  w36           16  40   0.0327  0.0081  +0.0410    0.000
  w36           45  40   0.0376  0.0085  +0.0503    0.000
  w36          128  40   0.0378  0.0077  +0.0528    0.000
  w48            4  40   0.0381  0.0093  +0.0214    0.000
  w48           16  40   0.0332  0.0077  +0.0389    0.000
  w48           45  40   0.0384  0.0082  +0.0479    0.000
  w48          128  40   0.0375  0.0076  +0.0498    0.000
  w64            4  40   0.0287  0.0047  +0.0078    0.000
  w64           16  40   0.0266  0.0039  +0.0290    0.000
  w64           45  40   0.0323  0.0053  +0.0395    0.000
  w64          128  40   0.0311  0.0047  +0.0416    0.000
  wall           4  40   0.0267  0.0041  +0.0079    0.000
  wall          16  40   0.0269  0.0040  +0.0296    0.000
  wall          45  40   0.0327  0.0054  +0.0398    0.000
  wall         128  40   0.0311  0.0047  +0.0413    0.000
  allfit         4  40   0.0267  0.0041  +0.0084    0.000
  allfit        16  40   0.0269  0.0040  +0.0296    0.000
  allfit        45  40   0.0327  0.0054  +0.0398    0.000
  allfit       128  40   0.0311  0.0047  +0.0413    0.000
  rule           4  40   0.0287  0.0047  +0.0078    0.000
  rule          16  40   0.0266  0.0039  +0.0290    0.000
  rule          45  40   0.0323  0.0053  +0.0395    0.000
  rule         128  40   0.0311  0.0047  +0.0416    0.000
  staged         4  40   0.0266  0.0043  +0.0065    0.000
  staged        16  40   0.0269  0.0040  +0.0296    0.000
  staged        45  40   0.0327  0.0054  +0.0398    0.000
  staged       128  40   0.0311  0.0047  +0.0413    0.000
  paired (label - rule), positions in both
  w12            4  40  +0.0148  0.0063 better 13 worse 20
  w12           16  40  +0.0182  0.0074 better 13 worse 23
  w12           45  40  +0.0138  0.0097 better 13 worse 24
  w12          128  40  +0.0128  0.0091 better 16 worse 22
  w24            4  40  -0.0040  0.0043 better 11 worse 16
  w24           16  40  +0.0027  0.0037 better 11 worse 20
  w24           45  40  +0.0002  0.0049 better 10 worse 22
  w24          128  40  -0.0014  0.0044 better 12 worse 21
  w36            4  40  +0.0040  0.0080 better 10 worse 6
  w36           16  40  +0.0061  0.0074 better 9 worse 10
  w36           45  40  +0.0053  0.0078 better 9 worse 9
  w36          128  40  +0.0067  0.0069 better 7 worse 11
  w48            4  40  +0.0094  0.0083 better 2 worse 6
  w48           16  40  +0.0066  0.0070 better 4 worse 6
  w48           45  40  +0.0061  0.0074 better 4 worse 6
  w48          128  40  +0.0064  0.0067 better 3 worse 7
  w64            4  40  +0.0000  0.0000 better 0 worse 0
  w64           16  40  +0.0000  0.0000 better 0 worse 0
  w64           45  40  +0.0000  0.0000 better 0 worse 0
  w64          128  40  +0.0000  0.0000 better 0 worse 0
  wall           4  40  -0.0020  0.0019 better 3 worse 2
  wall          16  40  +0.0003  0.0004 better 2 worse 4
  wall          45  40  +0.0004  0.0005 better 1 worse 3
  wall         128  40  -0.0000  0.0002 better 2 worse 2
  allfit         4  40  -0.0020  0.0019 better 3 worse 2
  allfit        16  40  +0.0003  0.0004 better 2 worse 4
  allfit        45  40  +0.0004  0.0005 better 1 worse 3
  allfit       128  40  -0.0000  0.0002 better 2 worse 2
  staged         4  40  -0.0021  0.0020 better 4 worse 5
  staged        16  40  +0.0003  0.0004 better 2 worse 4
  staged        45  40  +0.0004  0.0005 better 1 worse 3
  staged       128  40  -0.0000  0.0002 better 2 worse 2

against r24
  arm            s   n     loss      se    curse  outside
  w12            4  40   0.0512  0.0107  +0.0720    0.000
  w12           16  40   0.0413  0.0096  +0.0661    0.000
  w12           45  40   0.0419  0.0094  +0.0678    0.000
  w12          128  40   0.0436  0.0096  +0.0674    0.000
  w24            4  40   0.0291  0.0056  +0.0242    0.000
  w24           16  40   0.0268  0.0058  +0.0329    0.000
  w24           45  40   0.0247  0.0057  +0.0347    0.000
  w24          128  40   0.0223  0.0055  +0.0345    0.000
  w36            4  40   0.0225  0.0046  +0.0085    0.000
  w36           16  40   0.0146  0.0033  +0.0153    0.000
  w36           45  40   0.0106  0.0021  +0.0157    0.000
  w36          128  40   0.0104  0.0018  +0.0179    0.000
  w48            4  40   0.0255  0.0056  +0.0011    0.002
  w48           16  40   0.0167  0.0035  +0.0148    0.018
  w48           45  40   0.0140  0.0027  +0.0160    0.015
  w48          128  40   0.0135  0.0026  +0.0183    0.020
  w64            4  40   0.0289  0.0062  +0.0004    0.006
  w64           16  40   0.0180  0.0035  +0.0128    0.023
  w64           45  40   0.0153  0.0027  +0.0150    0.028
  w64          128  40   0.0138  0.0022  +0.0166    0.029
  wall           4  40   0.0271  0.0054  +0.0008    0.012
  wall          16  40   0.0190  0.0036  +0.0141    0.026
  wall          45  40   0.0156  0.0027  +0.0151    0.032
  wall         128  40   0.0145  0.0023  +0.0171    0.031
  allfit         4  40   0.0271  0.0054  +0.0013    0.012
  allfit        16  40   0.0190  0.0036  +0.0141    0.026
  allfit        45  40   0.0156  0.0027  +0.0151    0.032
  allfit       128  40   0.0145  0.0023  +0.0171    0.031
  rule           4  40   0.0289  0.0062  +0.0004    0.006
  rule          16  40   0.0180  0.0035  +0.0128    0.023
  rule          45  40   0.0153  0.0027  +0.0150    0.028
  rule         128  40   0.0138  0.0022  +0.0166    0.029
  staged         4  40   0.0283  0.0056  +0.0006    0.018
  staged        16  40   0.0190  0.0036  +0.0142    0.026
  staged        45  40   0.0156  0.0027  +0.0151    0.032
  staged       128  40   0.0145  0.0023  +0.0171    0.031
  paired (label - rule), positions in both
  w12            4  40  +0.0223  0.0082 better 11 worse 23
  w12           16  40  +0.0233  0.0087 better 13 worse 23
  w12           45  40  +0.0266  0.0083 better 10 worse 27
  w12          128  40  +0.0298  0.0084 better 6 worse 30
  w24            4  40  +0.0002  0.0045 better 12 worse 16
  w24           16  40  +0.0088  0.0046 better 15 worse 16
  w24           45  40  +0.0094  0.0051 better 13 worse 19
  w24          128  40  +0.0085  0.0049 better 12 worse 19
  w36            4  40  -0.0064  0.0045 better 10 worse 8
  w36           16  40  -0.0034  0.0015 better 16 worse 4
  w36           45  40  -0.0047  0.0022 better 16 worse 2
  w36          128  40  -0.0034  0.0018 better 12 worse 4
  w48            4  40  -0.0034  0.0024 better 9 worse 1
  w48           16  40  -0.0013  0.0006 better 9 worse 1
  w48           45  40  -0.0012  0.0008 better 9 worse 1
  w48          128  40  -0.0002  0.0009 better 7 worse 3
  w64            4  40  +0.0000  0.0000 better 0 worse 0
  w64           16  40  +0.0000  0.0000 better 0 worse 0
  w64           45  40  +0.0000  0.0000 better 0 worse 0
  w64          128  40  +0.0000  0.0000 better 0 worse 0
  wall           4  40  -0.0018  0.0031 better 2 worse 4
  wall          16  40  +0.0010  0.0005 better 0 worse 5
  wall          45  40  +0.0003  0.0003 better 2 worse 2
  wall         128  40  +0.0007  0.0005 better 1 worse 4
  allfit         4  40  -0.0018  0.0031 better 1 worse 4
  allfit        16  40  +0.0010  0.0005 better 0 worse 5
  allfit        45  40  +0.0003  0.0003 better 2 worse 2
  allfit       128  40  +0.0007  0.0005 better 1 worse 4
  staged         4  40  -0.0006  0.0033 better 2 worse 7
  staged        16  40  +0.0010  0.0005 better 1 worse 5
  staged        45  40  +0.0003  0.0003 better 2 worse 2
  staged       128  40  +0.0007  0.0005 better 1 worse 4
