
against F2
  arm            s   n     loss      se    curse  outside
  w12            4  19   0.0590  0.0148  +0.0802    0.000
  w12           16  19   0.0475  0.0137  +0.0697    0.000
  w12           45  19   0.0463  0.0122  +0.0709    0.000
  w12          128  19   0.0471  0.0127  +0.0576    0.000
  w24            4  19   0.0335  0.0077  +0.0224    0.000
  w24           16  19   0.0317  0.0074  +0.0356    0.000
  w24           45  19   0.0253  0.0063  +0.0354    0.000
  w24          128  19   0.0229  0.0062  +0.0382    0.000
  w36            4  19   0.0345  0.0079  +0.0151    0.000
  w36           16  19   0.0184  0.0060  +0.0197    0.000
  w36           45  19   0.0136  0.0033  +0.0185    0.000
  w36          128  19   0.0184  0.0052  +0.0231    0.000
  w48            4  19   0.0281  0.0079  -0.0042    0.000
  w48           16  19   0.0180  0.0063  +0.0183    0.000
  w48           45  19   0.0106  0.0029  +0.0139    0.000
  w48          128  19   0.0155  0.0033  +0.0191    0.000
  w64            4  19   0.0330  0.0100  -0.0015    0.000
  w64           16  19   0.0180  0.0063  +0.0182    0.000
  w64           45  19   0.0088  0.0027  +0.0128    0.000
  w64          128  19   0.0142  0.0032  +0.0182    0.000
  wall           4  19   0.0330  0.0100  -0.0015    0.000
  wall          16  19   0.0180  0.0063  +0.0182    0.000
  wall          45  19   0.0088  0.0027  +0.0128    0.000
  wall         128  19   0.0142  0.0032  +0.0182    0.000
  allfit         4  19   0.0330  0.0100  -0.0015    0.000
  allfit        16  19   0.0180  0.0063  +0.0182    0.000
  allfit        45  19   0.0088  0.0027  +0.0128    0.000
  allfit       128  19   0.0142  0.0032  +0.0182    0.000
  rule           4  19   0.0330  0.0100  -0.0015    0.000
  rule          16  19   0.0180  0.0063  +0.0182    0.000
  rule          45  19   0.0088  0.0027  +0.0128    0.000
  rule         128  19   0.0142  0.0032  +0.0182    0.000
  staged         4  19   0.0331  0.0099  -0.0041    0.000
  staged        16  19   0.0180  0.0063  +0.0182    0.000
  staged        45  19   0.0088  0.0027  +0.0128    0.000
  staged       128  19   0.0142  0.0032  +0.0182    0.000
  paired (label - rule), positions in both
  w12            4  19  +0.0260  0.0117 better 3 worse 15
  w12           16  19  +0.0295  0.0132 better 3 worse 14
  w12           45  19  +0.0375  0.0121 better 1 worse 16
  w12          128  19  +0.0329  0.0115 better 2 worse 15
  w24            4  19  +0.0005  0.0059 better 5 worse 9
  w24           16  19  +0.0137  0.0056 better 4 worse 11
  w24           45  19  +0.0166  0.0063 better 1 worse 14
  w24          128  19  +0.0087  0.0057 better 3 worse 10
  w36            4  19  +0.0015  0.0075 better 2 worse 4
  w36           16  19  +0.0004  0.0012 better 3 worse 4
  w36           45  19  +0.0049  0.0025 better 0 worse 5
  w36          128  19  +0.0042  0.0035 better 1 worse 5
  w48            4  19  -0.0049  0.0049 better 2 worse 0
  w48           16  19  +0.0000  0.0001 better 1 worse 2
  w48           45  19  +0.0018  0.0013 better 0 worse 3
  w48          128  19  +0.0013  0.0012 better 0 worse 2
  w64            4  19  +0.0000  0.0000 better 0 worse 0
  w64           16  19  +0.0000  0.0000 better 0 worse 0
  w64           45  19  +0.0000  0.0000 better 0 worse 0
  w64          128  19  +0.0000  0.0000 better 0 worse 0
  wall           4  19  +0.0000  0.0000 better 0 worse 0
  wall          16  19  +0.0000  0.0000 better 0 worse 0
  wall          45  19  +0.0000  0.0000 better 0 worse 0
  wall         128  19  +0.0000  0.0000 better 0 worse 0
  allfit         4  19  +0.0000  0.0000 better 0 worse 0
  allfit        16  19  +0.0000  0.0000 better 0 worse 0
  allfit        45  19  +0.0000  0.0000 better 0 worse 0
  allfit       128  19  +0.0000  0.0000 better 0 worse 0
  staged         4  19  +0.0001  0.0005 better 1 worse 1
  staged        16  19  +0.0000  0.0000 better 0 worse 0
  staged        45  19  +0.0000  0.0000 better 0 worse 0
  staged       128  19  +0.0000  0.0000 better 0 worse 0

against F1
  arm            s   n     loss      se    curse  outside
  w12            4  19   0.0426  0.0124  +0.0713    0.000
  w12           16  19   0.0415  0.0125  +0.0713    0.000
  w12           45  19   0.0384  0.0109  +0.0705    0.000
  w12          128  19   0.0370  0.0086  +0.0550    0.000
  w24            4  19   0.0286  0.0056  +0.0250    0.000
  w24           16  19   0.0332  0.0074  +0.0447    0.000
  w24           45  19   0.0332  0.0078  +0.0508    0.000
  w24          128  19   0.0251  0.0045  +0.0479    0.000
  w36            4  19   0.0282  0.0053  +0.0163    0.000
  w36           16  19   0.0253  0.0049  +0.0341    0.000
  w36           45  19   0.0300  0.0069  +0.0425    0.000
  w36          128  19   0.0319  0.0061  +0.0441    0.000
  w48            4  19   0.0309  0.0054  +0.0061    0.000
  w48           16  19   0.0254  0.0049  +0.0332    0.000
  w48           45  19   0.0324  0.0067  +0.0432    0.000
  w48          128  19   0.0319  0.0062  +0.0430    0.000
  w64            4  19   0.0301  0.0052  +0.0032    0.000
  w64           16  19   0.0254  0.0049  +0.0331    0.000
  w64           45  19   0.0361  0.0078  +0.0477    0.000
  w64          128  19   0.0351  0.0072  +0.0467    0.000
  wall           4  19   0.0301  0.0052  +0.0032    0.000
  wall          16  19   0.0254  0.0049  +0.0331    0.000
  wall          45  19   0.0361  0.0078  +0.0477    0.000
  wall         128  19   0.0351  0.0072  +0.0467    0.000
  allfit         4  19   0.0301  0.0052  +0.0032    0.000
  allfit        16  19   0.0254  0.0049  +0.0331    0.000
  allfit        45  19   0.0361  0.0078  +0.0477    0.000
  allfit       128  19   0.0351  0.0072  +0.0467    0.000
  rule           4  19   0.0301  0.0052  +0.0032    0.000
  rule          16  19   0.0254  0.0049  +0.0331    0.000
  rule          45  19   0.0361  0.0078  +0.0477    0.000
  rule         128  19   0.0351  0.0072  +0.0467    0.000
  staged         4  19   0.0289  0.0053  -0.0008    0.000
  staged        16  19   0.0254  0.0049  +0.0331    0.000
  staged        45  19   0.0361  0.0078  +0.0477    0.000
  staged       128  19   0.0351  0.0072  +0.0467    0.000
  paired (label - rule), positions in both
  w12            4  19  +0.0124  0.0106 better 8 worse 9
  w12           16  19  +0.0161  0.0119 better 6 worse 11
  w12           45  19  +0.0023  0.0127 better 7 worse 10
  w12          128  19  +0.0019  0.0112 better 7 worse 11
  w24            4  19  -0.0015  0.0046 better 7 worse 7
  w24           16  19  +0.0079  0.0041 better 5 worse 10
  w24           45  19  -0.0028  0.0072 better 7 worse 8
  w24          128  19  -0.0100  0.0063 better 7 worse 6
  w36            4  19  -0.0019  0.0017 better 6 worse 1
  w36           16  19  -0.0001  0.0014 better 5 worse 3
  w36           45  19  -0.0061  0.0042 better 5 worse 2
  w36          128  19  -0.0032  0.0034 better 3 worse 3
  w48            4  19  +0.0008  0.0008 better 1 worse 2
  w48           16  19  -0.0000  0.0001 better 3 worse 1
  w48           45  19  -0.0037  0.0038 better 2 worse 2
  w48          128  19  -0.0032  0.0033 better 1 worse 1
  w64            4  19  +0.0000  0.0000 better 0 worse 0
  w64           16  19  +0.0000  0.0000 better 0 worse 0
  w64           45  19  +0.0000  0.0000 better 0 worse 0
  w64          128  19  +0.0000  0.0000 better 0 worse 0
  wall           4  19  +0.0000  0.0000 better 0 worse 0
  wall          16  19  +0.0000  0.0000 better 0 worse 0
  wall          45  19  +0.0000  0.0000 better 0 worse 0
  wall         128  19  +0.0000  0.0000 better 0 worse 0
  allfit         4  19  +0.0000  0.0000 better 0 worse 0
  allfit        16  19  +0.0000  0.0000 better 0 worse 0
  allfit        45  19  +0.0000  0.0000 better 0 worse 0
  allfit       128  19  +0.0000  0.0000 better 0 worse 0
  staged         4  19  -0.0012  0.0009 better 2 worse 0
  staged        16  19  +0.0000  0.0000 better 0 worse 0
  staged        45  19  +0.0000  0.0000 better 0 worse 0
  staged       128  19  +0.0000  0.0000 better 0 worse 0

against r24
  arm            s   n     loss      se    curse  outside
  w12            4  19   0.0520  0.0144  +0.0736    0.000
  w12           16  19   0.0408  0.0132  +0.0635    0.000
  w12           45  19   0.0387  0.0106  +0.0637    0.000
  w12          128  19   0.0410  0.0118  +0.0518    0.000
  w24            4  19   0.0295  0.0078  +0.0187    0.000
  w24           16  19   0.0268  0.0072  +0.0312    0.000
  w24           45  19   0.0229  0.0064  +0.0333    0.000
  w24          128  19   0.0193  0.0058  +0.0350    0.000
  w36            4  19   0.0282  0.0072  +0.0091    0.000
  w36           16  19   0.0164  0.0059  +0.0181    0.000
  w36           45  19   0.0105  0.0027  +0.0158    0.000
  w36          128  19   0.0124  0.0027  +0.0173    0.000
  w48            4  19   0.0267  0.0078  -0.0052    0.000
  w48           16  19   0.0175  0.0062  +0.0181    0.000
  w48           45  19   0.0099  0.0027  +0.0136    0.000
  w48          128  19   0.0118  0.0026  +0.0158    0.030
  w64            4  19   0.0325  0.0098  -0.0016    0.007
  w64           16  19   0.0184  0.0061  +0.0190    0.007
  w64           45  19   0.0103  0.0027  +0.0148    0.026
  w64          128  19   0.0118  0.0026  +0.0162    0.047
  wall           4  19   0.0325  0.0098  -0.0016    0.007
  wall          16  19   0.0184  0.0061  +0.0190    0.007
  wall          45  19   0.0103  0.0027  +0.0148    0.026
  wall         128  19   0.0118  0.0026  +0.0162    0.047
  allfit         4  19   0.0325  0.0098  -0.0016    0.007
  allfit        16  19   0.0184  0.0061  +0.0190    0.007
  allfit        45  19   0.0103  0.0027  +0.0148    0.026
  allfit       128  19   0.0118  0.0026  +0.0162    0.047
  rule           4  19   0.0325  0.0098  -0.0016    0.007
  rule          16  19   0.0184  0.0061  +0.0190    0.007
  rule          45  19   0.0103  0.0027  +0.0148    0.026
  rule         128  19   0.0118  0.0026  +0.0162    0.047
  staged         4  19   0.0326  0.0098  -0.0042    0.007
  staged        16  19   0.0184  0.0061  +0.0190    0.007
  staged        45  19   0.0103  0.0027  +0.0148    0.026
  staged       128  19   0.0118  0.0026  +0.0162    0.047
  paired (label - rule), positions in both
  w12            4  19  +0.0194  0.0115 better 5 worse 13
  w12           16  19  +0.0224  0.0125 better 5 worse 12
  w12           45  19  +0.0284  0.0108 better 2 worse 15
  w12          128  19  +0.0291  0.0112 better 2 worse 15
  w24            4  19  -0.0031  0.0055 better 6 worse 8
  w24           16  19  +0.0084  0.0048 better 6 worse 9
  w24           45  19  +0.0125  0.0064 better 4 worse 11
  w24          128  19  +0.0075  0.0055 better 4 worse 8
  w36            4  19  -0.0043  0.0058 better 5 worse 3
  w36           16  19  -0.0020  0.0014 better 6 worse 2
  w36           45  19  +0.0001  0.0017 better 5 worse 2
  w36          128  19  +0.0006  0.0006 better 3 worse 2
  w48            4  19  -0.0058  0.0049 better 4 worse 0
  w48           16  19  -0.0009  0.0009 better 3 worse 1
  w48           45  19  -0.0004  0.0011 better 3 worse 1
  w48          128  19  -0.0000  0.0000 better 1 worse 0
  w64            4  19  +0.0000  0.0000 better 0 worse 0
  w64           16  19  +0.0000  0.0000 better 0 worse 0
  w64           45  19  +0.0000  0.0000 better 0 worse 0
  w64          128  19  +0.0000  0.0000 better 0 worse 0
  wall           4  19  +0.0000  0.0000 better 0 worse 0
  wall          16  19  +0.0000  0.0000 better 0 worse 0
  wall          45  19  +0.0000  0.0000 better 0 worse 0
  wall         128  19  +0.0000  0.0000 better 0 worse 0
  allfit         4  19  +0.0000  0.0000 better 0 worse 0
  allfit        16  19  +0.0000  0.0000 better 0 worse 0
  allfit        45  19  +0.0000  0.0000 better 0 worse 0
  allfit       128  19  +0.0000  0.0000 better 0 worse 0
  staged         4  19  +0.0001  0.0005 better 1 worse 1
  staged        16  19  +0.0000  0.0000 better 0 worse 0
  staged        45  19  +0.0000  0.0000 better 0 worse 0
  staged       128  19  +0.0000  0.0000 better 0 worse 0
