
against F2
  arm            s   n     loss      se    curse  outside
  w12            4   9   0.0059  0.0037  +0.0007    0.000
  w12           16   9   0.0098  0.0067  -0.0225    0.000
  w12           45   9   0.0103  0.0062  -0.0209    0.000
  w12          128   9   0.0103  0.0061  +0.0120    0.000
  w24            4   9   0.0020  0.0012  +0.0007    0.000
  w24           16   9   0.0032  0.0025  -0.0225    0.000
  w24           45   9   0.0065  0.0058  -0.0206    0.000
  w24          128   9   0.0066  0.0058  +0.0120    0.000
  w36            4   9   0.0020  0.0012  +0.0007    0.000
  w36           16   9   0.0029  0.0025  -0.0237    0.000
  w36           45   9   0.0065  0.0058  -0.0208    0.000
  w36          128   9   0.0066  0.0058  +0.0115    0.000
  w48            4   9   0.0020  0.0012  +0.0007    0.000
  w48           16   9   0.0032  0.0025  -0.0225    0.000
  w48           45   9   0.0065  0.0058  -0.0207    0.000
  w48          128   9   0.0066  0.0058  +0.0115    0.000
  w64            4   9   0.0020  0.0012  +0.0007    0.000
  w64           16   9   0.0032  0.0025  -0.0225    0.000
  w64           45   9   0.0064  0.0059  -0.0212    0.000
  w64          128   9   0.0066  0.0058  +0.0115    0.000
  wall           4   9   0.0020  0.0012  +0.0007    0.000
  wall          16   9   0.0032  0.0025  -0.0225    0.000
  wall          45   9   0.0064  0.0059  -0.0212    0.000
  wall         128   9   0.0064  0.0059  +0.0113    0.000
  allfit         4   9   0.0020  0.0012  +0.0007    0.000
  allfit        16   9   0.0032  0.0025  -0.0225    0.000
  allfit        45   9   0.0064  0.0059  -0.0212    0.000
  allfit       128   9   0.0064  0.0059  +0.0113    0.000
  rule           4   9   0.0020  0.0012  +0.0007    0.000
  rule          16   9   0.0032  0.0025  -0.0225    0.000
  rule          45   9   0.0064  0.0059  -0.0212    0.000
  rule         128   9   0.0066  0.0058  +0.0115    0.000
  staged         4   9   0.0020  0.0012  +0.0007    0.000
  staged        16   9   0.0032  0.0025  -0.0225    0.000
  staged        45   9   0.0064  0.0059  -0.0212    0.000
  staged       128   9   0.0064  0.0059  +0.0113    0.000
  paired (label - rule), positions in both
  w12            4   9  +0.0039  0.0028 better 1 worse 2
  w12           16   9  +0.0066  0.0044 better 0 worse 3
  w12           45   9  +0.0039  0.0028 better 1 worse 3
  w12          128   9  +0.0037  0.0028 better 1 worse 2
  w24            4   9  -0.0000  0.0000 better 0 worse 0
  w24           16   9  -0.0000  0.0000 better 0 worse 0
  w24           45   9  +0.0001  0.0001 better 1 worse 3
  w24          128   9  -0.0000  0.0001 better 1 worse 1
  w36            4   9  -0.0000  0.0000 better 0 worse 0
  w36           16   9  -0.0003  0.0003 better 1 worse 0
  w36           45   9  +0.0001  0.0001 better 0 worse 2
  w36          128   9  +0.0000  0.0000 better 0 worse 0
  w48            4   9  +0.0000  0.0000 better 0 worse 0
  w48           16   9  +0.0000  0.0000 better 0 worse 0
  w48           45   9  +0.0001  0.0001 better 0 worse 1
  w48          128   9  +0.0000  0.0000 better 0 worse 0
  w64            4   9  +0.0000  0.0000 better 0 worse 0
  w64           16   9  +0.0000  0.0000 better 0 worse 0
  w64           45   9  +0.0000  0.0000 better 0 worse 0
  w64          128   9  +0.0000  0.0000 better 0 worse 0
  wall           4   9  +0.0000  0.0000 better 0 worse 0
  wall          16   9  +0.0000  0.0000 better 0 worse 0
  wall          45   9  +0.0000  0.0000 better 0 worse 0
  wall         128   9  -0.0002  0.0002 better 1 worse 0
  allfit         4   9  +0.0000  0.0000 better 0 worse 0
  allfit        16   9  +0.0000  0.0000 better 0 worse 0
  allfit        45   9  +0.0000  0.0000 better 0 worse 0
  allfit       128   9  -0.0002  0.0002 better 1 worse 0
  staged         4   9  +0.0000  0.0000 better 0 worse 0
  staged        16   9  +0.0000  0.0000 better 0 worse 0
  staged        45   9  +0.0000  0.0000 better 0 worse 0
  staged       128   9  -0.0002  0.0002 better 1 worse 0

against F1
  arm            s   n     loss      se    curse  outside
  w12            4   9   0.0094  0.0084  +0.0216    0.000
  w12           16   9   0.0136  0.0120  -0.0013    0.000
  w12           45   9   0.0205  0.0128  +0.0068    0.000
  w12          128   9   0.0206  0.0128  +0.0398    0.000
  w24            4   9   0.0119  0.0085  +0.0281    0.000
  w24           16   9   0.0113  0.0084  +0.0030    0.000
  w24           45   9   0.0153  0.0113  +0.0057    0.000
  w24          128   9   0.0153  0.0113  +0.0381    0.000
  w36            4   9   0.0119  0.0085  +0.0281    0.000
  w36           16   9   0.0116  0.0084  +0.0025    0.000
  w36           45   9   0.0153  0.0113  +0.0055    0.000
  w36          128   9   0.0151  0.0113  +0.0375    0.000
  w48            4   9   0.0123  0.0084  +0.0285    0.000
  w48           16   9   0.0117  0.0083  +0.0034    0.000
  w48           45   9   0.0153  0.0113  +0.0056    0.000
  w48          128   9   0.0156  0.0113  +0.0379    0.000
  w64            4   9   0.0123  0.0084  +0.0285    0.000
  w64           16   9   0.0117  0.0083  +0.0034    0.000
  w64           45   9   0.0155  0.0113  +0.0054    0.000
  w64          128   9   0.0151  0.0113  +0.0375    0.000
  wall           4   9   0.0123  0.0084  +0.0285    0.000
  wall          16   9   0.0117  0.0083  +0.0034    0.000
  wall          45   9   0.0155  0.0113  +0.0054    0.000
  wall         128   9   0.0155  0.0113  +0.0379    0.000
  allfit         4   9   0.0123  0.0084  +0.0285    0.000
  allfit        16   9   0.0117  0.0083  +0.0034    0.000
  allfit        45   9   0.0155  0.0113  +0.0054    0.000
  allfit       128   9   0.0155  0.0113  +0.0379    0.000
  rule           4   9   0.0123  0.0084  +0.0285    0.000
  rule          16   9   0.0117  0.0083  +0.0034    0.000
  rule          45   9   0.0155  0.0113  +0.0054    0.000
  rule         128   9   0.0151  0.0113  +0.0375    0.000
  staged         4   9   0.0123  0.0084  +0.0285    0.000
  staged        16   9   0.0117  0.0083  +0.0034    0.000
  staged        45   9   0.0155  0.0113  +0.0054    0.000
  staged       128   9   0.0155  0.0113  +0.0379    0.000
  paired (label - rule), positions in both
  w12            4   9  -0.0029  0.0026 better 3 worse 1
  w12           16   9  +0.0019  0.0044 better 2 worse 2
  w12           45   9  +0.0050  0.0081 better 3 worse 1
  w12          128   9  +0.0055  0.0081 better 2 worse 2
  w24            4   9  -0.0004  0.0004 better 1 worse 0
  w24           16   9  -0.0004  0.0004 better 1 worse 0
  w24           45   9  -0.0002  0.0003 better 3 worse 1
  w24          128   9  +0.0001  0.0001 better 1 worse 2
  w36            4   9  -0.0004  0.0004 better 1 worse 0
  w36           16   9  -0.0000  0.0006 better 1 worse 1
  w36           45   9  -0.0003  0.0002 better 2 worse 0
  w36          128   9  +0.0000  0.0000 better 0 worse 1
  w48            4   9  +0.0000  0.0000 better 0 worse 0
  w48           16   9  +0.0000  0.0000 better 0 worse 0
  w48           45   9  -0.0002  0.0002 better 1 worse 0
  w48          128   9  +0.0004  0.0004 better 0 worse 1
  w64            4   9  +0.0000  0.0000 better 0 worse 0
  w64           16   9  +0.0000  0.0000 better 0 worse 0
  w64           45   9  +0.0000  0.0000 better 0 worse 0
  w64          128   9  +0.0000  0.0000 better 0 worse 0
  wall           4   9  +0.0000  0.0000 better 0 worse 0
  wall          16   9  +0.0000  0.0000 better 0 worse 0
  wall          45   9  +0.0000  0.0000 better 0 worse 0
  wall         128   9  +0.0004  0.0004 better 0 worse 1
  allfit         4   9  +0.0000  0.0000 better 0 worse 0
  allfit        16   9  +0.0000  0.0000 better 0 worse 0
  allfit        45   9  +0.0000  0.0000 better 0 worse 0
  allfit       128   9  +0.0004  0.0004 better 0 worse 1
  staged         4   9  +0.0000  0.0000 better 0 worse 0
  staged        16   9  +0.0000  0.0000 better 0 worse 0
  staged        45   9  +0.0000  0.0000 better 0 worse 0
  staged       128   9  +0.0004  0.0004 better 0 worse 1

against r24
  arm            s   n     loss      se    curse  outside
  w12            4   9   0.0059  0.0037  +0.0007    0.000
  w12           16   9   0.0098  0.0067  -0.0225    0.000
  w12           45   9   0.0103  0.0062  -0.0209    0.000
  w12          128   9   0.0103  0.0061  +0.0120    0.000
  w24            4   9   0.0020  0.0012  +0.0007    0.000
  w24           16   9   0.0032  0.0025  -0.0225    0.000
  w24           45   9   0.0065  0.0058  -0.0206    0.000
  w24          128   9   0.0066  0.0058  +0.0120    0.000
  w36            4   9   0.0020  0.0012  +0.0007    0.000
  w36           16   9   0.0029  0.0025  -0.0237    0.000
  w36           45   9   0.0065  0.0058  -0.0208    0.000
  w36          128   9   0.0066  0.0058  +0.0115    0.000
  w48            4   9   0.0020  0.0012  +0.0007    0.108
  w48           16   9   0.0030  0.0025  -0.0227    0.111
  w48           45   9   0.0065  0.0058  -0.0207    0.000
  w48          128   9   0.0066  0.0058  +0.0115    0.109
  w64            4   9   0.0020  0.0012  +0.0007    0.108
  w64           16   9   0.0030  0.0025  -0.0227    0.111
  w64           45   9   0.0064  0.0059  -0.0212    0.000
  w64          128   9   0.0066  0.0058  +0.0115    0.000
  wall           4   9   0.0020  0.0012  +0.0007    0.108
  wall          16   9   0.0030  0.0025  -0.0227    0.111
  wall          45   9   0.0064  0.0059  -0.0212    0.000
  wall         128   9   0.0064  0.0059  +0.0113    0.000
  allfit         4   9   0.0020  0.0012  +0.0007    0.108
  allfit        16   9   0.0030  0.0025  -0.0227    0.111
  allfit        45   9   0.0064  0.0059  -0.0212    0.000
  allfit       128   9   0.0064  0.0059  +0.0113    0.000
  rule           4   9   0.0020  0.0012  +0.0007    0.108
  rule          16   9   0.0030  0.0025  -0.0227    0.111
  rule          45   9   0.0064  0.0059  -0.0212    0.000
  rule         128   9   0.0066  0.0058  +0.0115    0.000
  staged         4   9   0.0020  0.0012  +0.0007    0.108
  staged        16   9   0.0030  0.0025  -0.0227    0.111
  staged        45   9   0.0064  0.0059  -0.0212    0.000
  staged       128   9   0.0064  0.0059  +0.0113    0.000
  paired (label - rule), positions in both
  w12            4   9  +0.0039  0.0028 better 1 worse 2
  w12           16   9  +0.0068  0.0044 better 0 worse 4
  w12           45   9  +0.0039  0.0028 better 1 worse 3
  w12          128   9  +0.0037  0.0028 better 1 worse 2
  w24            4   9  +0.0000  0.0000 better 0 worse 0
  w24           16   9  +0.0002  0.0002 better 0 worse 1
  w24           45   9  +0.0001  0.0001 better 1 worse 3
  w24          128   9  -0.0000  0.0001 better 1 worse 1
  w36            4   9  +0.0000  0.0000 better 0 worse 0
  w36           16   9  -0.0001  0.0004 better 1 worse 1
  w36           45   9  +0.0001  0.0001 better 0 worse 2
  w36          128   9  +0.0000  0.0000 better 0 worse 0
  w48            4   9  +0.0000  0.0000 better 0 worse 0
  w48           16   9  +0.0000  0.0000 better 0 worse 0
  w48           45   9  +0.0001  0.0001 better 0 worse 1
  w48          128   9  +0.0000  0.0000 better 0 worse 0
  w64            4   9  +0.0000  0.0000 better 0 worse 0
  w64           16   9  +0.0000  0.0000 better 0 worse 0
  w64           45   9  +0.0000  0.0000 better 0 worse 0
  w64          128   9  +0.0000  0.0000 better 0 worse 0
  wall           4   9  +0.0000  0.0000 better 0 worse 0
  wall          16   9  +0.0000  0.0000 better 0 worse 0
  wall          45   9  +0.0000  0.0000 better 0 worse 0
  wall         128   9  -0.0002  0.0002 better 1 worse 0
  allfit         4   9  +0.0000  0.0000 better 0 worse 0
  allfit        16   9  +0.0000  0.0000 better 0 worse 0
  allfit        45   9  +0.0000  0.0000 better 0 worse 0
  allfit       128   9  -0.0002  0.0002 better 1 worse 0
  staged         4   9  +0.0000  0.0000 better 0 worse 0
  staged        16   9  +0.0000  0.0000 better 0 worse 0
  staged        45   9  +0.0000  0.0000 better 0 worse 0
  staged       128   9  -0.0002  0.0002 better 1 worse 0

against R4D5
  arm            s   n     loss      se    curse  outside
  w12            4   9   0.0096  0.0045  +0.0009    0.000
  w12           16   9   0.0055  0.0037  -0.0303    0.000
  w12           45   9   0.0082  0.0036  -0.0265    0.000
  w12          128   9   0.0071  0.0037  +0.0053    0.000
  w24            4   9   0.0079  0.0043  +0.0032    0.000
  w24           16   9   0.0047  0.0034  -0.0246    0.000
  w24           45   9   0.0031  0.0015  -0.0275    0.000
  w24          128   9   0.0020  0.0013  +0.0039    0.000
  w36            4   9   0.0079  0.0043  +0.0032    0.000
  w36           16   9   0.0054  0.0034  -0.0247    0.000
  w36           45   9   0.0029  0.0015  -0.0279    0.000
  w36          128   9   0.0013  0.0009  +0.0027    0.000
  w48            4   9   0.0079  0.0043  +0.0032    0.108
  w48           16   9   0.0047  0.0034  -0.0246    0.111
  w48           45   9   0.0029  0.0015  -0.0278    0.000
  w48          128   9   0.0013  0.0009  +0.0027    0.109
  w64            4   9   0.0079  0.0043  +0.0032    0.108
  w64           16   9   0.0047  0.0034  -0.0246    0.111
  w64           45   9   0.0029  0.0015  -0.0282    0.000
  w64          128   9   0.0013  0.0009  +0.0027    0.000
  wall           4   9   0.0079  0.0043  +0.0032    0.108
  wall          16   9   0.0047  0.0034  -0.0246    0.111
  wall          45   9   0.0029  0.0015  -0.0282    0.000
  wall         128   9   0.0013  0.0009  +0.0027    0.000
  allfit         4   9   0.0079  0.0043  +0.0032    0.108
  allfit        16   9   0.0047  0.0034  -0.0246    0.111
  allfit        45   9   0.0029  0.0015  -0.0282    0.000
  allfit       128   9   0.0013  0.0009  +0.0027    0.000
  rule           4   9   0.0079  0.0043  +0.0032    0.108
  rule          16   9   0.0047  0.0034  -0.0246    0.111
  rule          45   9   0.0029  0.0015  -0.0282    0.000
  rule         128   9   0.0013  0.0009  +0.0027    0.000
  staged         4   9   0.0079  0.0043  +0.0032    0.108
  staged        16   9   0.0047  0.0034  -0.0246    0.111
  staged        45   9   0.0029  0.0015  -0.0282    0.000
  staged       128   9   0.0013  0.0009  +0.0027    0.000
  paired (label - rule), positions in both
  w12            4   9  +0.0017  0.0030 better 1 worse 1
  w12           16   9  +0.0008  0.0050 better 1 worse 2
  w12           45   9  +0.0053  0.0038 better 0 worse 3
  w12          128   9  +0.0058  0.0038 better 0 worse 3
  w24            4   9  +0.0000  0.0000 better 0 worse 0
  w24           16   9  +0.0000  0.0000 better 0 worse 0
  w24           45   9  +0.0002  0.0002 better 1 worse 2
  w24          128   9  +0.0007  0.0006 better 0 worse 2
  w36            4   9  +0.0000  0.0000 better 0 worse 0
  w36           16   9  +0.0008  0.0008 better 0 worse 1
  w36           45   9  -0.0000  0.0000 better 1 worse 0
  w36          128   9  -0.0000  0.0000 better 0 worse 0
  w48            4   9  +0.0000  0.0000 better 0 worse 0
  w48           16   9  +0.0000  0.0000 better 0 worse 0
  w48           45   9  +0.0000  0.0000 better 0 worse 0
  w48          128   9  +0.0000  0.0000 better 0 worse 0
  w64            4   9  +0.0000  0.0000 better 0 worse 0
  w64           16   9  +0.0000  0.0000 better 0 worse 0
  w64           45   9  +0.0000  0.0000 better 0 worse 0
  w64          128   9  +0.0000  0.0000 better 0 worse 0
  wall           4   9  +0.0000  0.0000 better 0 worse 0
  wall          16   9  +0.0000  0.0000 better 0 worse 0
  wall          45   9  +0.0000  0.0000 better 0 worse 0
  wall         128   9  +0.0000  0.0000 better 0 worse 0
  allfit         4   9  +0.0000  0.0000 better 0 worse 0
  allfit        16   9  +0.0000  0.0000 better 0 worse 0
  allfit        45   9  +0.0000  0.0000 better 0 worse 0
  allfit       128   9  +0.0000  0.0000 better 0 worse 0
  staged         4   9  +0.0000  0.0000 better 0 worse 0
  staged        16   9  +0.0000  0.0000 better 0 worse 0
  staged        45   9  +0.0000  0.0000 better 0 worse 0
  staged       128   9  +0.0000  0.0000 better 0 worse 0

against deep
  arm            s   n     loss      se    curse  outside
  w12            4   9   0.0073  0.0039  +0.0280    0.000
  w12           16   9   0.0075  0.0045  +0.0011    0.000
  w12           45   9   0.0093  0.0040  +0.0040    0.000
  w12          128   9   0.0083  0.0042  +0.0358    0.000
  w24            4   9   0.0062  0.0028  +0.0308    0.000
  w24           16   9   0.0024  0.0012  +0.0026    0.000
  w24           45   9   0.0040  0.0023  +0.0028    0.000
  w24          128   9   0.0033  0.0023  +0.0346    0.000
  w36            4   9   0.0062  0.0028  +0.0308    0.000
  w36           16   9   0.0033  0.0014  +0.0026    0.000
  w36           45   9   0.0040  0.0023  +0.0026    0.000
  w36          128   9   0.0034  0.0023  +0.0341    0.000
  w48            4   9   0.0062  0.0028  +0.0308    0.108
  w48           16   9   0.0023  0.0012  +0.0024    0.111
  w48           45   9   0.0040  0.0023  +0.0027    0.000
  w48          128   9   0.0033  0.0022  +0.0341    0.109
  w64            4   9   0.0062  0.0028  +0.0308    0.108
  w64           16   9   0.0023  0.0012  +0.0024    0.111
  w64           45   9   0.0043  0.0023  +0.0026    0.000
  w64          128   9   0.0034  0.0023  +0.0341    0.000
  wall           4   9   0.0062  0.0028  +0.0308    0.108
  wall          16   9   0.0023  0.0012  +0.0024    0.111
  wall          45   9   0.0043  0.0023  +0.0026    0.000
  wall         128   9   0.0033  0.0022  +0.0340    0.000
  allfit         4   9   0.0062  0.0028  +0.0308    0.108
  allfit        16   9   0.0023  0.0012  +0.0024    0.111
  allfit        45   9   0.0043  0.0023  +0.0026    0.000
  allfit       128   9   0.0033  0.0022  +0.0340    0.000
  rule           4   9   0.0062  0.0028  +0.0308    0.108
  rule          16   9   0.0023  0.0012  +0.0024    0.111
  rule          45   9   0.0043  0.0023  +0.0026    0.000
  rule         128   9   0.0034  0.0023  +0.0341    0.000
  staged         4   9   0.0062  0.0028  +0.0308    0.108
  staged        16   9   0.0023  0.0012  +0.0024    0.111
  staged        45   9   0.0043  0.0023  +0.0026    0.000
  staged       128   9   0.0033  0.0022  +0.0340    0.000
  paired (label - rule), positions in both
  w12            4   9  +0.0012  0.0032 better 2 worse 2
  w12           16   9  +0.0052  0.0040 better 2 worse 3
  w12           45   9  +0.0051  0.0038 better 1 worse 3
  w12          128   9  +0.0049  0.0038 better 2 worse 2
  w24            4   9  +0.0000  0.0000 better 0 worse 0
  w24           16   9  +0.0001  0.0001 better 0 worse 1
  w24           45   9  -0.0003  0.0002 better 3 worse 0
  w24          128   9  -0.0001  0.0001 better 1 worse 0
  w36            4   9  +0.0000  0.0000 better 0 worse 0
  w36           16   9  +0.0010  0.0009 better 0 worse 2
  w36           45   9  -0.0003  0.0002 better 3 worse 0
  w36          128   9  -0.0000  0.0000 better 0 worse 0
  w48            4   9  +0.0000  0.0000 better 0 worse 0
  w48           16   9  +0.0000  0.0000 better 0 worse 0
  w48           45   9  -0.0002  0.0002 better 1 worse 0
  w48          128   9  -0.0000  0.0000 better 1 worse 0
  w64            4   9  +0.0000  0.0000 better 0 worse 0
  w64           16   9  +0.0000  0.0000 better 0 worse 0
  w64           45   9  +0.0000  0.0000 better 0 worse 0
  w64          128   9  +0.0000  0.0000 better 0 worse 0
  wall           4   9  +0.0000  0.0000 better 0 worse 0
  wall          16   9  +0.0000  0.0000 better 0 worse 0
  wall          45   9  +0.0000  0.0000 better 0 worse 0
  wall         128   9  -0.0001  0.0001 better 1 worse 0
  allfit         4   9  +0.0000  0.0000 better 0 worse 0
  allfit        16   9  +0.0000  0.0000 better 0 worse 0
  allfit        45   9  +0.0000  0.0000 better 0 worse 0
  allfit       128   9  -0.0001  0.0001 better 1 worse 0
  staged         4   9  +0.0000  0.0000 better 0 worse 0
  staged        16   9  +0.0000  0.0000 better 0 worse 0
  staged        45   9  +0.0000  0.0000 better 0 worse 0
  staged       128   9  -0.0001  0.0001 better 1 worse 0
