blk wall_s g/min cpu_s/game written gpuMB cpu% gpu% solves(new) reused read unfinished failed/oom
B00 1031 1164 0.854 19999 6780 98 47 0 3525 16475 1 0/0 []
B01 1005 1194 0.832 20000 7123 99 53 0 3450 16550 0 0/0 []
B02 988 1214 0.817 20000 6715 99 50 0 3510 16490 0 0/0 []
B03 932 1287 0.771 20000 6242 99 49 0 3409 16591 0 0/0 []
B04 927 1295 0.766 20000 6599 98 46 0 3450 16550 0 0/0 []
B05 937 1281 0.774 20000 6396 99 49 0 3458 16542 0 0/0 []
B06 971 1236 0.800 20000 6602 98 48 0 3457 16543 0 0/0 []
B07 916 1310 0.755 19999 5824 98 51 0 3462 16538 1 0/0 []
B08 990 1212 0.819 19997 6708 99 52 0 3497 16503 3 0/0 []
B09 970 1237 0.801 20000 6829 98 52 0 3447 16553 0 0/0 []
B10 928 1293 0.767 20000 6685 98 47 0 3360 16640 0 0/0 []
B11 915 1311 0.757 19999 6668 99 50 0 3446 16554 1 0/0 []
B12 909 1320 0.750 19999 6791 98 49 0 3359 16641 1 0/0 []
B13 918 1308 0.757 20000 6693 99 49 0 3361 16639 0 0/0 []
B14 936 1282 0.772 19999 6955 98 48 0 3415 16585 1 0/0 []
B15 967 1241 0.800 19999 6836 99 51 0 3412 16588 1 0/0 []
B16 980 1225 0.811 20000 7123 99 52 0 3480 16520 0 0/0 []
B17 960 1250 0.795 20000 6682 98 52 0 3449 16551 0 0/0 []
B18 957 1254 0.794 20000 7077 99 52 0 3409 16591 0 0/0 []
B19 980 1225 0.813 20000 6822 99 54 0 3483 16517 0 0/0 []
total wall 19116.420305252075 318.60700508753456 games 399991 new solves 0 unfinished 9 mean g/min 1255.4369289215906
